planTime,treeSize,pathCost,bestDistance
20,16,480,329
3,19,570,373
5,13,390,291
0,9,240,156
0,3,90,43
0,6,180,127
10,3378,420,196
0,5,150,129
0,4,120,92
0,3,90,43
0,9,270,182
0,4,120,73
0,3208,240,39
0,27,810,545
0,24,720,500
2,19,570,398
0,11,330,247
0,8,240,99
0,5,150,58
0,4,120,75
0,4,120,67
0,2,60,44
0,15,450,271
0,13,390,263
0,10,300,190
0,4,120,78
0,10,300,166
0,6,180,127
2,4,120,76
2,3,90,42
0,9,270,232
0,6,180,135
3,4,120,55
0,12,360,186
0,16,480,201
0,10,300,200
0,3210,270,139
0,3154,270,65
0,30,900,579
0,27,810,547
0,22,660,450
0,19,510,294
0,6,180,110
0,19,570,446
0,9,270,173
0,6,180,157
0,15,450,346
0,14,420,342
0,10,270,199
0,11,330,163
0,8,240,180
0,3285,540,138
3,4,120,71
0,25,750,523
0,25,750,518
10,3327,660,312
0,12,360,251
0,7,210,142
0,3,90,38
0,3418,660,173
0,15,300,91
0,9,240,163
0,15,450,311
0,13,390,269
0,8,240,172
0,18,540,477
0,17,510,375
0,14,420,283
0,9,270,198
0,6,180,137
0,5,150,79
0,21,630,448
0,19,570,358
0,10,300,220
0,4,120,81
0,2,60,40
0,2,60,36
0,7,210,129
0,8,240,115
7,3424,90,76
0,3135,270,76
0,6,180,80
0,3,90,58
0,3500,120,27
0,5,150,109
0,3,90,52
0,6,180,102
0,3,90,67
0,3,90,38
0,2,60,26
0,21,630,424
0,18,540,373
5,3385,720,384
0,20,600,397
0,10,300,252
0,9,270,207
0,5,150,119
1,2,60,34
0,15,420,278
0,10,300,201
0,7,210,187
0,7,210,140
0,4,120,85
0,3,90,45
0,3,90,37
0,2,60,38
0,2,60,32
0,25,690,474
0,30,720,419
0,18,540,293
0,17,510,319
0,26,780,558
0,24,720,504
0,19,570,387
0,11,330,220
0,4,120,68
0,3,90,58
0,5,150,95
0,14,420,94
0,5,150,92
0,4,120,61
0,14,420,293
4,13,390,298
0,11,330,237
0,5,150,132
0,3101,420,36
0,21,600,371
0,14,420,303
0,9,270,186
0,26,780,638
9,3085,930,424
0,2968,630,208
0,3,90,44
0,3,90,35
0,3,90,26
0,2,60,18
0,2,60,15
0,2,60,18
0,26,780,604
0,23,690,567
0,20,600,458
0,16,480,321
0,12,360,266
0,7,210,138
0,2,60,27
0,2929,1080,499
0,21,600,395
0,15,450,303
0,8,240,202
0,6,180,117
0,4,120,81
0,6,180,78
0,5,150,68
0,3,90,48
0,3051,150,27
0,6,180,89
0,4,120,64
0,3,90,30
0,26,780,524
0,33,990,770
0,32,930,714
0,30,870,685
0,27,780,595
0,17,510,444
0,10,300,246
4,3251,690,77
0,3319,180,80
0,3210,180,128
0,3011,390,122
0,7,210,78
0,4,120,101
0,3239,660,84
0,10,300,244
0,9,270,190
0,5,150,104
0,2990,210,40
0,2,60,36
0,2,60,36
0,3,90,44
0,2,60,49
0,3,90,42
0,2,60,27
0,11,330,323
0,10,300,284
0,7,210,186
3,3,90,75
0,15,450,196
0,3029,450,167
0,3120,930,113
0,3073,600,60
5,3,90,37
0,2,60,42
0,3,90,38
0,3,90,26
0,2942,330,169
0,3087,270,74
0,27,780,448
0,25,720,442
0,28,750,436
0,23,690,430
0,21,630,424
0,23,660,418
0,32,960,677
0,36,1050,661
0,64,1230,646
1,27,810,630
0,28,810,614
0,28,780,596
0,27,810,564
0,30,900,672
0,24,720,518
0,17,510,373
1,15,450,284
0,10,270,156
0,9,270,137
0,9,270,153
0,6,180,108
0,4,120,50
0,20,600,418
2,13,390,289
0,10,300,175
0,15,420,208
0,8,240,133
0,2935,1200,83
0,3,90,80
0,18,510,375
0,24,690,320
2,9,270,207
0,8,240,134
0,5,150,98
0,4,120,84
0,4,120,62
0,2,60,36
0,3176,300,69
0,3373,270,39
0,3,90,37
0,3,90,38
0,2,60,30
5,2946,990,425
0,18,540,368
0,12,360,245
0,6,180,104
0,5,150,74
0,6,180,100
1,5,150,95
3,5,150,74
0,3,90,40
0,46,840,288
0,24,660,215
0,22,630,200
0,20,600,185
0,23,600,170
0,2936,900,154
0,2926,1350,165
0,13,360,154
0,12,330,178
0,31,780,202
0,3297,1470,226
0,31,900,640
0,37,1080,631
0,37,1020,623
0,38,1110,615
0,34,960,608
0,33,960,601
0,27,810,594
0,35,960,588
0,27,810,582
0,3127,990,575
5,3237,1020,570
0,27,810,565
0,28,810,560
0,29,810,556
0,27,810,552
1,29,840,548
0,30,870,546
0,27,810,543
0,26,780,541
0,22,660,406
0,26,780,523
3,22,660,444
0,17,510,291
0,22,570,385
3,22,630,464
0,23,660,474
0,18,540,413
0,13,390,276
0,14,420,292
0,3134,750,389
2,3006,960,412
0,12,360,273
0,12,360,320
0,11,330,297
0,9,270,209
0,4,120,88
0,10,300,218
0,7,210,166
5,3179,270,95
0,3151,750,54
0,3,90,53
0,3,90,36
0,8,240,144
3,6,180,113
0,4,120,59
3,13,390,279
0,10,300,200
0,8,240,161
3,14,420,275
0,41,690,256
0,18,480,334
0,3263,630,324
4,16,480,246
0,7,210,125
0,22,660,465
0,24,720,440
0,25,690,433
0,26,750,425
0,13,390,228
0,11,330,218
0,10,300,208
0,9,270,197
0,9,270,188
0,9,270,180
3,9,270,172
0,9,270,165
2,20,570,356
0,20,600,350
0,20,600,345
0,2887,570,340
0,18,510,336
3,16,480,333
4,3046,570,331
0,36,720,329
0,15,450,329
0,15,450,329
4,14,420,330
3,14,420,332
0,17,510,335
0,14,420,339
0,14,420,343
6,15,450,348
0,15,450,354
0,16,480,361
0,16,480,367
0,17,510,374
0,17,510,382
0,18,540,391
0,20,600,400
0,19,570,410
0,19,570,420
5,3088,960,430
2,3076,660,441
4,3257,750,453
0,3381,1260,464
7,3146,870,476
0,3123,1230,489
3,2970,1140,500
0,3086,1200,512
0,3081,1350,524
0,19,570,407
4,17,510,345
0,10,300,211
0,4,120,65
0,21,630,373
3,21,630,443
1,21,630,458
0,3053,600,394
0,13,360,254
0,6,180,87
0,3133,780,559
0,26,780,538
0,22,660,459
0,17,510,328
2,27,660,388
0,16,480,347
0,13,390,291
0,15,450,343
0,2970,480,249
0,2941,390,182
3,6,180,101
3,3,90,60
2,3156,120,57
0,8,240,174
0,5,150,105
0,3,90,38
2,3223,630,433
0,2946,570,369
6,3435,720,242
0,3077,240,145
0,3078,570,111
0,5,150,93
0,4,120,75
0,4,120,52
0,3,90,33
0,2,60,59
0,3,90,48
0,2,60,26
3,19,570,406
0,16,480,353
0,18,540,369
0,3314,450,263
0,3387,210,121
0,27,810,649
0,29,870,651
2,30,900,655
0,29,870,660
0,29,870,666
0,29,870,672
0,30,900,677
0,29,870,682
0,39,990,687
0,38,990,693
0,26,780,591
0,26,780,586
0,26,780,582
0,27,810,579
0,26,780,575
0,29,840,571
3,26,780,568
5,27,810,566
0,26,780,563
0,32,900,560
0,31,870,558
0,28,810,556
0,36,900,555
0,17,510,348
0,17,510,350
0,17,510,352
0,17,510,355
4,16,480,359
0,17,510,366
0,18,540,376
0,18,540,387
4,3472,630,397
0,18,540,387
0,18,540,367
5,3192,570,350
5,16,480,334
0,16,480,318
0,15,450,302
0,14,420,278
2,14,390,249
0,2955,390,220
6,3216,570,221
0,12,360,226
0,11,330,212
0,10,300,199
1,5,150,92
2,4,120,63
0,15,450,278
0,10,300,197
0,5,150,80
0,22,630,354
3,18,540,323
0,18,540,314
0,13,390,264
4,3209,570,257
0,2911,600,320
0,3084,600,309
0,12,360,229
0,5,150,101
0,7,210,153
0,2966,510,163
0,12,330,139
0,6,180,116
0,17,390,127
0,22,450,96
4,2,60,51
0,7,210,167
2,5,150,96
0,4,120,48
4,3,90,45
0,3,90,47
3,2,60,36
0,31,900,633
2,30,870,530
0,20,600,489
0,19,570,393
0,15,450,264
0,6,180,132
7,3343,150,77
0,37,1110,774
0,3308,1140,733
5,46,1020,615
7,3221,1080,536
0,3145,930,526
0,25,750,517
1,27,720,508
0,25,750,502
0,23,690,497
0,23,690,494
0,10,300,214
0,10,300,212
0,10,300,211
0,10,300,211
0,11,330,212
0,10,300,214
0,10,300,217
0,11,330,222
0,10,300,228
4,3217,390,235
0,3031,510,243
0,3228,630,251
1,14,390,260
0,13,390,269
0,13,390,281
0,29,870,546
1,27,750,526
0,24,720,501
0,23,690,478
4,23,690,454
4,39,1050,432
0,117,1020,410
6,3051,630,389
4,11,330,188
3,10,300,191
0,5,150,66
2,4,120,51
4,3,90,37
0,2,60,25
0,2,60,20
0,3,90,27
0,2,60,41
5,2,60,56
0,3,90,72
0,4,120,88
0,5,150,104
0,5,150,120
3,3295,390,241
0,3045,660,171
0,11,330,160
0,15,390,253
0,13,360,271
0,12,330,178
3,7,210,148
0,7,210,127
0,6,180,93
0,3,90,58
4,39,450,38
2,8,240,162
0,4,120,91
0,4,120,64
0,5,120,60
0,3,90,49
0,3,90,33
0,1,30,21
0,3277,1080,527
0,2888,1620,413
0,3101,480,246
3,18,510,287
0,18,540,392
4,2903,600,440
0,19,570,474
0,17,510,393
0,10,300,217
0,3,90,61
0,21,630,435
0,14,420,349
0,11,330,224
0,3173,120,76
5,3072,330,70
1,12,330,91
0,13,360,83
0,6,180,81
0,4,120,52
0,13,390,312
0,12,360,273
0,8,240,177
5,3392,300,66
0,26,720,599
0,25,750,617
0,3127,780,563
0,3146,690,436
5,3331,630,463
0,22,660,593
0,8,240,163
0,6,180,141
0,8,240,143
0,6,180,104
5,3075,240,55
3,17,510,359
2,18,540,359
0,15,450,283
0,9,270,174
2,5,150,112
0,6,180,89
1,5,150,84
0,21,630,520
0,26,780,505
0,26,750,508
2,23,630,495
0,9,270,166
0,9,270,179
0,9,270,191
0,10,300,204
0,3120,390,217
1,3253,690,229
0,3058,660,241
0,2974,630,255
6,3078,630,268
0,3076,930,280
0,15,450,295
0,11,330,254
0,39,1080,655
0,39,1080,646
0,22,660,487
0,23,510,328
0,24,720,508
0,34,780,518
0,34,750,528
0,34,750,539
0,40,810,549
0,27,810,560
0,29,870,570
0,30,900,580
0,30,900,591
0,30,900,602
0,30,900,614
4,11,330,116
0,11,330,127
0,11,330,137
0,11,330,149
0,11,330,160
0,8,240,173
4,9,270,173
0,9,270,174
0,8,240,176
0,8,240,179
0,8,240,183
4,8,240,189
0,7,210,196
0,7,210,204
0,9,270,212
0,9,270,223
0,5,150,117
0,4,120,84
3,2,60,41
0,74,810,155
0,8,240,111
0,2904,750,50
0,3336,630,446
4,3170,690,366
0,3103,840,222
0,4,120,73
0,11,330,242
0,11,330,233
0,11,330,188
0,6,180,120
0,3,90,54
0,3,90,47
0,3233,720,51
0,5,150,52
0,3,90,54
0,3,90,41
0,10,300,233
0,7,210,166
0,3254,390,79
0,18,540,440
0,17,510,362
0,19,570,291
0,15,420,333
0,14,420,307
2,11,330,208
0,5,150,94
0,16,480,327
0,16,480,312
0,10,300,197
0,5,150,62
0,8,240,132
0,3272,300,71
0,4,120,44
0,3,90,51
0,2,60,46
0,3,90,31
0,20,600,237
0,14,420,230
0,3165,420,223
0,10,300,217
0,10,300,211
0,3200,1230,687
0,34,990,686
0,36,1050,688
0,35,1050,694
0,37,1050,702
0,34,990,714
0,47,1020,729
0,30,780,324
0,30,840,312
0,27,720,297
0,126,1320,285
0,31,780,273
0,14,420,260
0,13,390,246
0,3074,660,235
0,2967,1170,222
0,2957,510,215
0,3090,1110,218
0,33,990,727
0,31,930,705
0,29,870,688
0,25,750,674
0,23,690,663
0,24,720,656
0,26,780,652
0,26,780,651
0,28,840,653
0,29,870,659
0,3001,930,667
0,2920,1140,646
0,28,840,606
0,27,810,563
0,26,750,522
0,25,690,480
0,23,660,443
4,3227,1080,406
0,8,240,167
0,7,210,168
0,7,210,173
0,23,690,486
2,20,600,456
0,19,570,465
0,15,450,409
0,11,330,279
3,6,180,124
0,13,360,276
0,14,420,268
0,30,390,214
0,3262,510,141
0,3231,390,80
0,3328,180,47
0,3110,150,47
0,5,150,95
0,5,150,91
0,3286,180,59
0,12,360,262
0,19,570,333
0,20,600,370
0,15,450,335
0,8,240,222
0,4,120,98
0,13,390,385
0,2985,870,575
0,28,810,554
0,23,660,449
0,16,450,297
0,7,210,131
0,4,120,36
0,5,150,84
0,5,150,95
0,4,120,72
0,2,60,38
0,53,1080,679
0,37,990,632
0,27,780,533
0,19,570,423
0,12,360,314
0,11,330,219
0,7,210,158
0,3146,630,341
0,72,780,363
0,23,540,331
0,23,600,242
0,6,180,107
0,16,480,311
0,10,300,192
0,3075,420,116
0,21,600,364
0,17,510,264
5,20,480,293
0,15,420,269
0,13,390,221
0,3216,300,220
0,12,330,138
0,9,240,128
0,24,600,119
0,25,630,109
0,11,270,101
0,44,840,95
0,3070,570,48
0,4,120,72
0,7,210,111
0,9,270,156
0,11,330,200
0,13,390,256
0,13,390,269
2,12,360,246
0,12,360,222
0,2959,390,210
0,10,300,191
0,9,270,169
0,8,240,149
0,6,180,129
0,6,180,114
0,3134,480,101
0,7,210,93
0,13,330,90
0,9,270,93
0,8,240,102
0,7,210,116
0,3297,480,132
0,3069,450,126
0,6,180,121
0,6,180,122
0,6,180,127
0,7,210,136
0,8,240,148
0,15,420,164
0,8,240,180
0,9,270,198
0,9,270,220
0,10,300,240
0,11,330,261
0,11,330,282
0,14,420,297
0,15,450,304
0,2952,1110,311
0,3346,1110,318
0,12,360,285
0,9,270,196
0,3,90,68
2,14,420,316
0,33,900,573
0,21,570,416
0,9,270,203
0,2,60,34
0,6,180,105
0,6,180,141
0,6,180,118
0,4,120,69
0,15,450,320
0,15,450,306
0,74,1380,648
0,36,900,566
0,3255,810,415
3,3141,1080,365
0,3210,780,400
0,20,600,379
0,16,450,288
0,14,390,248
0,5,150,90
0,25,690,443
0,3034,1230,476
0,3114,1020,440
0,38,570,340
0,15,450,319
0,12,360,346
0,10,300,214
0,7,210,125
0,10,300,194
0,8,240,155
0,5,150,76
0,11,330,215
0,10,300,183
0,6,180,111
4,2,60,35
0,26,780,523
0,28,840,596
0,24,720,538
0,14,420,376
0,10,300,254
0,5,150,97
0,22,660,443
0,18,510,304
0,12,360,246
0,9,270,182
0,8,240,165
0,7,210,142
0,6,180,101
0,4,120,62
0,4,120,39
0,3,90,35
0,2,60,31
0,1,30,23
0,39,1110,721
0,38,960,647
0,31,750,505
0,18,510,333
0,9,270,220
0,9,270,164
0,3,90,49
0,3,90,72
0,6,180,88
0,3148,270,92
0,10,300,190
0,8,240,159
0,8,240,156
0,8,240,154
0,8,240,154
0,8,240,154
0,7,210,155
0,7,210,158
0,7,210,162
0,6,180,166
0,7,210,172
0,8,240,179
0,8,240,186
0,8,240,195
