minCost,astarCost,gbfsCost
429,540,540
388,510,510
279,390,390
135,180,180
370,450,450
236,390,630
337,390,390
223,270,270
90,120,120
429,660,660
441,660,660
401,600,600
307,420,420
163,210,210
59,120,120
68,120,120
85,150,150
70,120,120
41,90,90
118,180,180
74,120,120
28,60,60
210,330,330
149,210,210
119,300,300
117,450,450
102,120,120
57,120,120
223,330,330
326,750,750
208,570,570
79,120,120
233,300,300
121,180,180
30,60,60
32,60,60
204,330,330
104,180,180
24,60,60
81,150,150
57,90,90
39,90,90
28,60,60
409,630,630
386,690,690
354,420,420
255,330,330
116,150,150
407,540,540
411,570,570
356,480,480
247,390,390
113,180,180
48,90,90
74,150,150
80,150,150
60,120,120
30,60,60
126,210,210
74,300,300
167,270,270
97,180,180
34,60,60
149,210,210
96,150,150
41,120,120
258,390,390
177,300,300
80,150,150
274,390,390
131,210,210
238,390,390
245,300,300
198,300,300
106,180,180
40,90,90
38,60,60
51,120,120
46,120,120
29,90,90
195,270,270
127,240,240
266,360,360
170,240,240
71,120,120
529,750,750
426,630,630
265,390,390
89,90,90
57,90,90
105,150,150
99,180,180
61,120,120
393,480,480
327,390,390
205,270,270
62,90,90
180,390,390
77,180,180
60,90,90
379,450,450
305,360,360
213,390,390
142,270,630
327,450,450
254,420,360
264,390,390
112,210,210
45,60,60
99,150,150
97,150,150
66,150,150
26,90,90
102,180,180
52,90,90
318,510,510
280,420,420
177,270,270
63,120,120
190,570,570
162,600,600
130,600,600
118,570,570
74,150,150
27,60,60
262,390,390
183,270,270
82,120,120
301,390,1050
194,330,930
76,120,120
45,90,90
67,90,90
65,90,90
44,120,120
444,690,690
388,570,570
270,390,390
123,180,180
464,630,630
405,510,510
280,360,360
142,210,210
127,210,210
178,270,270
274,390,390
248,360,360
163,240,240
64,150,150
579,810,810
444,660,660
243,360,360
76,120,120
85,120,120
134,240,240
119,180,180
76,120,120
27,90,90
362,810,1050
235,300,300
217,240,240
158,240,240
86,180,180
43,90,90
52,60,60
424,540,540
380,450,450
252,360,360
110,240,480
366,420,420
319,450,450
228,360,360
113,180,180
58,120,120
73,90,90
72,150,150
53,150,150
29,60,60
350,510,510
271,450,450
236,360,360
179,450,450
105,240,240
60,120,120
73,120,120
68,120,120
42,90,90
196,270,270
285,450,450
229,810,990
167,210,210
102,180,180
63,90,90
57,90,90
50,120,120
32,300,300
557,810,810
470,690,690
333,510,510
456,660,660
526,690,690
440,570,570
294,360,360
127,210,210
59,120,120
94,150,150
97,150,150
67,180,180
49,180,120
29,930,630
269,420,420
178,270,270
73,120,120
296,450,450
309,390,390
454,660,660
376,540,540
210,300,300
62,270,90
60,120,120
92,180,180
322,600,660
237,480,540
119,300,300
136,270,270
99,540,480
49,330,90
414,600,600
409,600,600
458,600,600
433,600,600
496,690,690
475,600,600
394,450,450
258,390,390
196,330,330
128,210,210
48,90,90
464,660,660
347,480,480
181,300,300
206,360,360
228,330,330
178,270,270
78,150,150
160,210,210
54,90,90
380,420,420
452,600,600
436,570,570
343,480,480
185,270,270
258,330,330
277,360,360
219,300,300
117,150,150
29,60,60
313,870,990
257,390,390
263,390,390
199,270,270
87,150,150
417,450,450
462,600,600
350,510,510
287,360,360
169,270,270
70,120,120
48,90,90
70,90,90
65,90,90
42,60,60
183,360,720
124,600,240
61,420,300
507,630,630
435,570,570
302,390,390
135,180,180
605,900,900
494,690,690
430,660,660
381,510,510
332,390,390
353,510,510
345,510,510
105,180,180
37,90,90
401,510,510
326,420,420
195,210,210
67,150,150
60,90,90
87,150,150
74,120,120
45,90,90
437,570,570
319,420,420
155,210,210
16,90,90
339,540,660
292,450,450
199,300,300
101,150,150
48,90,90
57,90,90
61,120,120
47,120,120
27,300,360
290,420,840
203,270,270
90,120,120
77,150,150
81,120,120
82,120,120
62,330,270
36,210,210
324,450,450
319,480,480
326,420,420
243,360,360
199,300,300
112,210,210
22,60,60
105,150,150
55,90,90
29,60,60
33,90,90
34,60,60
24,30,30
267,450,450
178,570,870
410,660,660
339,510,510
238,360,360
105,150,150
228,300,300
164,270,270
95,150,150
58,120,120
55,120,120
52,90,90
22,60,60
403,480,480
310,390,390
168,240,240
25,30,30
409,510,510
320,360,360
184,270,270
67,120,120
64,120,120
55,90,90
32,30,30
215,330,330
127,210,210
37,60,60
359,450,450
308,390,390
181,240,240
66,90,90
42,90,90
69,390,510
65,540,420
50,540,360
37,150,390
269,510,510
259,510,510
223,480,480
156,300,300
92,210,210
39,150,150
23,60,60
33,90,90
32,30,30
23,180,1020
571,840,1080
599,840,900
438,630,630
386,510,510
554,720,720
626,810,810
615,750,750
527,630,630
351,480,480
294,390,390
172,240,240
50,90,90
440,630,630
459,660,660
370,570,570
183,330,330
31,90,90
259,420,420
210,300,300
128,150,150
63,120,120
46,90,90
51,90,90
44,90,90
28,60,60
472,930,930
415,720,720
341,840,840
369,570,570
406,540,540
366,510,510
257,390,390
114,330,330
28,180,60
791,960,1260
788,990,990
707,990,990
325,480,480
418,600,600
443,600,600
397,510,510
282,360,360
127,180,180
67,570,210
57,90,90
39,90,90
250,330,330
166,360,360
136,150,150
120,180,180
62,90,90
461,600,600
373,450,450
233,420,420
80,330,330
145,330,390
140,210,270
94,150,150
51,120,120
365,390,390
335,420,420
303,330,330
268,390,390
174,270,270
103,180,180
68,150,150
65,90,90
58,90,90
41,90,90
560,810,870
532,780,840
426,630,630
260,420,420
192,390,390
298,660,660
318,570,570
274,420,420
171,300,300
57,120,120
114,150,150
86,180,180
66,120,120
51,60,60
35,90,90
26,30,30
143,180,180
84,120,120
30,90,90
465,600,600
352,510,510
191,300,300
55,60,60
86,150,150
105,300,180
238,330,330
130,210,210
22,60,60
192,330,330
109,180,180
24,30,30
96,150,150
32,60,60
321,540,540
369,540,540
353,510,510
271,390,390
132,180,180
28,90,90
68,150,150
80,150,150
59,60,60
27,60,60
440,630,630
398,540,540
280,390,390
105,150,150
561,720,720
533,630,630
451,690,1050
332,450,450
185,360,360
78,390,390
329,420,420
283,360,360
175,210,210
64,90,90
67,450,450
67,420,420
81,570,270
81,420,1320
99,180,180
70,120,120
29,60,60
408,480,480
287,330,330
140,180,180
26,60,60
83,120,120
94,180,180
71,90,90
33,60,60
573,750,750
774,990,990
633,810,810
398,480,480
386,510,510
433,660,660
439,660,660
375,570,570
222,360,360
124,180,180
107,150,150
43,90,90
40,90,90
47,90,90
39,60,60
208,390,510
175,300,300
98,180,180
26,60,60
209,330,330
81,150,150
115,180,180
96,120,120
65,90,90
253,330,330
200,420,480
103,300,540
101,450,810
405,960,840
168,300,300
101,180,180
28,90,90
785,1110,1110
705,990,990
563,840,840
413,600,600
276,390,390
172,240,300
148,450,450
146,210,510
123,210,210
79,120,120
43,60,60
324,450,450
295,450,450
195,300,300
443,630,630
414,600,600
259,390,390
94,150,150
667,960,1020
578,870,930
428,660,660
240,330,330
73,90,90
92,150,150
131,240,240
109,180,180
62,150,150
499,720,720
439,630,630
314,450,450
145,180,180
65,120,120
86,150,150
90,150,150
64,120,120
34,60,60
740,990,990
723,990,990
617,840,840
436,690,690
289,510,450
311,450,450
162,210,210
66,120,120
76,120,120
88,150,150
70,120,120
36,60,60
614,900,900
535,750,750
385,600,600
167,270,270
541,780,780
314,450,450
92,150,150
74,120,120
150,270,270
161,240,240
112,180,180
51,60,60
266,540,540
263,450,690
182,390,330
82,390,210
439,660,660
434,600,600
301,420,420
